0	0.079960 0	0.007113 0	0.003902 
1	0.279624 1	0.011177 1	0.003914 
2	0.264869 2	0.095334 2	0.003914 
3	0.057630 3	0.249254 3	0.003728 
4	0.016901 4	0.103229 4	0.003716 
5	0.008009 5	0.050102 5	0.003836 
6	0.005303 6	0.032522 6	0.003145 
7	0.004948 7	0.027104 7	0.003914 
8	0.005363 8	0.021807 8	0.003938 
9	0.005333 9	0.020304 9	0.003764 
10	0.005255 10	0.017929 10	0.004034 
11	0.005267 11	0.015879 11	0.004341 
12	0.005231 12	0.014592 12	0.004113 
13	0.005285 13	0.013360 13	0.004010 
14	0.005207 14	0.012139 14	0.004125 
15	0.004996 15	0.009187 15	0.004215 
16	0.002219 16	0.004395 16	0.002387 
17	0.004708 17	0.008321 17	0.004876 
18	0.002267 18	0.004155 18	0.002537 
19	0.004672 19	0.008087 19	0.005916 
20	0.002074 20	0.003920 20	0.002880 
21	0.002092 21	0.003535 21	0.003355 
22	0.001750 22	0.003397 22	0.003403 
23	0.001846 23	0.003914 23	0.003980 
24	0.001984 24	0.003638 24	0.004251 
25	0.002026 25	0.003433 25	0.005014 
26	0.000000 26	0.000000 26	0.000000 
27	0.001888 27	0.003529 27	0.005087 
28	0.001990 28	0.003523 28	0.005177 
29	0.001984 29	0.003331 29	0.005513 
30	0.000000 30	0.000000 30	0.000000 
31	0.001870 31	0.002910 31	0.005748 
32	0.002068 32	0.003157 32	0.006133 
33	0.000000 33	0.000000 33	0.000000 
34	0.002110 34	0.002910 34	0.005910 
35	0.002032 35	0.002772 35	0.006235 
36	0.000000 36	0.000000 36	0.000000 
37	0.001990 37	0.002658 37	0.006379 
38	0.000000 38	0.000000 38	0.000000 
39	0.002080 39	0.002585 39	0.006181 
40	0.002056 40	0.002658 40	0.006560 
41	0.000000 41	0.000000 41	0.000000 
42	0.001990 42	0.002706 42	0.007221 
43	0.000000 43	0.000000 43	0.000000 
44	0.002357 44	0.002501 44	0.007564 
45	0.000000 45	0.000000 45	0.000000 
46	0.002273 46	0.002393 46	0.008063 
47	0.000000 47	0.000000 47	0.000000 
48	0.002152 48	0.002561 48	0.008069 
49	0.000000 49	0.000000 49	0.000000 
50	0.002189 50	0.002477 50	0.008580 
51	0.000000 51	0.000000 51	0.000000 
52	0.000000 52	0.000000 52	0.000000 
53	0.002231 53	0.002489 53	0.009049 
54	0.000000 54	0.000000 54	0.000000 
55	0.002369 55	0.002874 55	0.009440 
56	0.000000 56	0.000000 56	0.000000 
57	0.000000 57	0.000000 57	0.000000 
58	0.002375 58	0.002507 58	0.010077 
59	0.000000 59	0.000000 59	0.000000 
60	0.002441 60	0.002585 60	0.010985 
61	0.000000 61	0.000000 61	0.000000 
62	0.000000 62	0.000000 62	0.000000 
63	0.002243 63	0.002796 63	0.011754 
64	0.000000 64	0.000000 64	0.000000 
65	0.000000 65	0.000000 65	0.000000 
66	0.002345 66	0.003000 66	0.011676 
67	0.000000 67	0.000000 67	0.000000 
68	0.000000 68	0.000000 68	0.000000 
69	0.000000 69	0.000000 69	0.000000 
70	0.002291 70	0.003036 70	0.012933 
71	0.000000 71	0.000000 71	0.000000 
72	0.000000 72	0.000000 72	0.000000 
73	0.002146 73	0.003048 73	0.013558 
74	0.000000 74	0.000000 74	0.000000 
75	0.000000 75	0.000000 75	0.000000 
76	0.000000 76	0.000000 76	0.000000 
77	0.002309 77	0.002724 77	0.014117 
78	0.000000 78	0.000000 78	0.000000 
79	0.000000 79	0.000000 79	0.000000 
80	0.000000 80	0.000000 80	0.000000 
81	0.002140 81	0.002844 81	0.015127 
82	0.000000 82	0.000000 82	0.000000 
83	0.000000 83	0.000000 83	0.000000 
84	0.000000 84	0.000000 84	0.000000 
85	0.002195 85	0.002952 85	0.015969 
86	0.000000 86	0.000000 86	0.000000 
87	0.000000 87	0.000000 87	0.000000 
88	0.000000 88	0.000000 88	0.000000 
89	0.002213 89	0.002946 89	0.016961 
90	0.000000 90	0.000000 90	0.000000 
91	0.000000 91	0.000000 91	0.000000 
92	0.000000 92	0.000000 92	0.000000 
93	0.000000 93	0.000000 93	0.000000 
94	0.002369 94	0.002814 94	0.017761 
95	0.000000 95	0.000000 95	0.000000 
96	0.000000 96	0.000000 96	0.000000 
97	0.000000 97	0.000000 97	0.000000 
98	0.000000 98	0.000000 98	0.000000 
99	0.002213 99	0.002790 99	0.019306 
100	0.000000 100	0.000000 100	0.000000 
101	0.000000 101	0.000000 101	0.000000 
102	0.000000 102	0.000000 102	0.000000 
103	0.000000 103	0.000000 103	0.000000 
104	0.002104 104	0.002682 104	0.020016 
105	0.000000 105	0.000000 105	0.000000 
106	0.000000 106	0.000000 106	0.000000 
107	0.000000 107	0.000000 107	0.000000 
108	0.000000 108	0.000000 108	0.000000 
109	0.002086 109	0.002555 109	0.019330 
110	0.000000 110	0.000000 110	0.000000 
111	0.000000 111	0.000000 111	0.000000 
112	0.000000 112	0.000000 112	0.000000 
113	0.000000 113	0.000000 113	0.000000 
114	0.001864 114	0.002700 114	0.019685 
115	0.000000 115	0.000000 115	0.000000 
116	0.000000 116	0.000000 116	0.000000 
117	0.000000 117	0.000000 117	0.000000 
118	0.000000 118	0.000000 118	0.000000 
119	0.001798 119	0.002664 119	0.020244 
120	0.000000 120	0.000000 120	0.000000 
121	0.000000 121	0.000000 121	0.000000 
122	0.000000 122	0.000000 122	0.000000 
123	0.000000 123	0.000000 123	0.000000 
124	0.002032 124	0.002507 124	0.020100 
125	0.000000 125	0.000000 125	0.000000 
126	0.000000 126	0.000000 126	0.000000 
127	0.000000 127	0.000000 127	0.000000 
128	0.000000 128	0.000000 128	0.000000 
129	0.001888 129	0.002507 129	0.020839 
130	0.000000 130	0.000000 130	0.000000 
131	0.000000 131	0.000000 131	0.000000 
132	0.000000 132	0.000000 132	0.000000 
133	0.000000 133	0.000000 133	0.000000 
134	0.000000 134	0.000000 134	0.000000 
135	0.001906 135	0.002375 135	0.021603 
136	0.000000 136	0.000000 136	0.000000 
137	0.000000 137	0.000000 137	0.000000 
138	0.000000 138	0.000000 138	0.000000 
139	0.000000 139	0.000000 139	0.000000 
140	0.001876 140	0.002285 140	0.022649 
141	0.000000 141	0.000000 141	0.000000 
142	0.000000 142	0.000000 142	0.000000 
143	0.000000 143	0.000000 143	0.000000 
144	0.000000 144	0.000000 144	0.000000 
145	0.000000 145	0.000000 145	0.000000 
146	0.001834 146	0.002062 146	0.021320 
147	0.000000 147	0.000000 147	0.000000 
148	0.000000 148	0.000000 148	0.000000 
149	0.000000 149	0.000000 149	0.000000 
150	0.000000 150	0.000000 150	0.000000 
151	0.001611 151	0.002158 151	0.020875 
152	0.000000 152	0.000000 152	0.000000 
153	0.000000 153	0.000000 153	0.000000 
154	0.000000 154	0.000000 154	0.000000 
155	0.000000 155	0.000000 155	0.000000 
156	0.001846 156	0.002146 156	0.019793 
157	0.000000 157	0.000000 157	0.000000 
158	0.000000 158	0.000000 158	0.000000 
159	0.000000 159	0.000000 159	0.000000 
160	0.000000 160	0.000000 160	0.000000 
161	0.001792 161	0.002008 161	0.018717 
162	0.000000 162	0.000000 162	0.000000 
163	0.000000 163	0.000000 163	0.000000 
164	0.000000 164	0.000000 164	0.000000 
165	0.002074 165	0.002128 165	0.016847 
166	0.000000 166	0.000000 166	0.000000 
167	0.000000 167	0.000000 167	0.000000 
168	0.000000 168	0.000000 168	0.000000 
169	0.001870 169	0.002038 169	0.016306 
170	0.000000 170	0.000000 170	0.000000 
171	0.000000 171	0.000000 171	0.000000 
172	0.000000 172	0.000000 172	0.000000 
173	0.001996 173	0.001924 173	0.014863 
174	0.000000 174	0.000000 174	0.000000 
175	0.000000 175	0.000000 175	0.000000 
176	0.000000 176	0.000000 176	0.000000 
177	0.001954 177	0.002074 177	0.013943 
178	0.000000 178	0.000000 178	0.000000 
179	0.000000 179	0.000000 179	0.000000 
180	0.002002 180	0.002116 180	0.013630 
181	0.000000 181	0.000000 181	0.000000 
182	0.000000 182	0.000000 182	0.000000 
183	0.000000 183	0.000000 183	0.000000 
184	0.001996 184	0.002381 184	0.014719 
185	0.000000 185	0.000000 185	0.000000 
186	0.000000 186	0.000000 186	0.000000 
187	0.000000 187	0.000000 187	0.000000 
188	0.001852 188	0.001990 188	0.014454 
189	0.000000 189	0.000000 189	0.000000 
190	0.000000 190	0.000000 190	0.000000 
191	0.001864 191	0.002086 191	0.014033 
192	0.000000 192	0.000000 192	0.000000 
193	0.000000 193	0.000000 193	0.000000 
194	0.000000 194	0.000000 194	0.000000 
195	0.001888 195	0.001894 195	0.013137 
196	0.000000 196	0.000000 196	0.000000 
197	0.000000 197	0.000000 197	0.000000 
198	0.001942 198	0.001990 198	0.012783 
199	0.000000 199	0.000000 199	0.000000 
200	0.000000 200	0.000000 200	0.000000 
201	0.001888 201	0.001942 201	0.012266 
202	0.000000 202	0.000000 202	0.000000 
203	0.000000 203	0.000000 203	0.000000 
204	0.001714 204	0.001864 204	0.011448 
205	0.000000 205	0.000000 205	0.000000 
206	0.000000 206	0.000000 206	0.000000 
207	0.001816 207	0.001912 207	0.010426 
208	0.000000 208	0.000000 208	0.000000 
209	0.001882 209	0.001665 209	0.009127 
210	0.000000 210	0.000000 210	0.000000 
211	0.002068 211	0.001792 211	0.008622 
212	0.000000 212	0.000000 212	0.000000 
213	0.001744 213	0.001702 213	0.007437 
214	0.000000 214	0.000000 214	0.000000 
215	0.001864 215	0.001750 215	0.006752 
216	0.002092 216	0.002038 216	0.006524 
217	0.000000 217	0.000000 217	0.000000 
218	0.002014 218	0.001894 218	0.006043 
219	0.001918 219	0.002026 219	0.005267 
220	0.000000 220	0.000000 220	0.000000 
221	0.001870 221	0.001828 221	0.004738 
222	0.002008 222	0.001816 222	0.004101 
223	0.003734 223	0.003565 223	0.007161 
224	0.002056 224	0.001750 224	0.003812 
225	0.001780 225	0.001599 225	0.003698 
226	0.001816 226	0.001599 226	0.003511 
227	0.001702 227	0.001431 227	0.003427 
228	0.001924 228	0.001527 228	0.002976 
229	0.003686 229	0.003181 229	0.005363 
230	0.003734 230	0.003078 230	0.004119 
231	0.003734 231	0.003277 231	0.003692 
232	0.003638 232	0.003289 232	0.004010 
233	0.003668 233	0.002958 233	0.003932 
234	0.004028 234	0.002748 234	0.003848 
235	0.003836 235	0.003331 235	0.003421 
236	0.005568 236	0.004882 236	0.005063 
237	0.003650 237	0.003066 237	0.003084 
238	0.005273 238	0.004606 238	0.004732 
239	0.003367 239	0.003271 239	0.002988 
240	0.004407 240	0.004924 240	0.004497 
241	0.002934 241	0.002928 241	0.003133 
242	0.003770 242	0.004347 242	0.004263 
243	0.003469 243	0.004840 243	0.004010 
244	0.003193 244	0.005598 244	0.004137 
245	0.001684 245	0.003866 245	0.003307 
246	0.002333 246	0.005784 246	0.004846 
247	0.001341 247	0.003253 247	0.003686 
248	0.001311 248	0.003283 248	0.003583 
249	0.001088 249	0.002597 249	0.003806 
250	0.001184 250	0.002140 250	0.003890 
251	0.000896 251	0.001647 251	0.003890 
252	0.000830 252	0.001407 252	0.003824 
253	0.000908 253	0.001407 253	0.004786 
254	0.000782 254	0.001413 254	0.004527 
255	0.000000 255	0.000000 255	0.000000 
