0	0
0	0
0	0

1	0
1	0
1	0

2	0
2	0
2	0

3	0
3	0
3	0

4	0
4	0
4	0

5	0
5	0
5	0

6	0
6	0
6	0

7	0
7	0
7	0

8	0
8	0
8	0

9	0
9	0
9	0

10	0
10	0
10	1

11	1
11	1
11	1

12	1
12	1
12	1

13	1
13	1
13	1

14	1
14	1
14	1

15	1
15	1
15	1

16	2
16	2
16	2

17	2
17	2
17	2

18	2
18	2
18	2

19	2
19	2
19	2

20	2
20	2
20	2

21	2
21	2
21	2

22	2
22	2
22	2

23	3
23	3
23	3

24	3
24	3
24	3

25	3
25	3
25	3

26	3
26	3
26	3

27	3
27	3
27	3

28	4
28	4
28	4

29	4
29	4
29	4

30	5
30	5
30	5

31	6
31	6
31	7

32	7
32	8
32	8

33	9
33	9
33	10

34	10
34	11
34	11

35	12
35	12
35	13

36	13
36	14
36	14

37	15
37	15
37	16

38	17
38	17
38	18

39	19
39	19
39	20

40	21
40	22
40	23

41	24
41	25
41	27

42	28
42	29
42	31

43	32
43	34
43	35

44	37
44	39
44	40

45	42
45	44
45	46

46	48
46	50
46	53

47	55
47	58
47	60

48	63
48	66
48	70

49	73
49	77
49	81

50	85
50	89
50	94

51	99
51	104
51	109

52	114
52	119
52	124

53	129
53	135
53	140

54	146
54	151
54	156

55	161
55	165
55	169

56	173
56	177
56	180

57	184
57	188
57	191

58	195
58	198
58	201

59	204
59	207
59	209

60	211
60	213
60	215

61	216
61	218
61	219

62	221
62	222
62	223

63	223
63	224
63	225

64	226
64	227
64	228

65	229
65	229
65	230

66	230
66	231
66	231

67	232
67	232
67	233

68	233
68	234
68	234

69	235
69	235
69	236

70	236
70	236
70	237

71	237
71	238
71	238

72	238
72	239
72	239

73	240
73	240
73	240

74	241
74	241
74	242

75	242
75	242
75	243

76	243
76	243
76	244

77	244
77	244
77	245

78	245
78	246
78	246

79	246
79	247
79	247

80	248
80	248
80	249

81	249
81	250
81	250

82	251
82	251
82	252

83	252
83	253
83	253

84	253
84	254
84	254

85	254
85	254
85	254

86	254
86	254
86	254

87	254
87	0
87	0

88	0
88	0
88	0

89	0
89	0
89	0

90	0
90	0
90	0

91	0
91	0
91	0

92	0
92	0
92	0

93	0
93	0
93	0

94	0
94	0
94	0

95	0
95	0
95	0

96	0
96	0
96	0

97	0
97	0
97	0

98	0
98	0
98	0

99	0
99	0
99	0

100	0
100	0
100	0

101	0
101	0
101	0

102	0
102	0
102	0

103	0
103	0
103	0

104	0
104	0
104	0

105	0
105	0
105	0

106	0
106	0
106	0

107	0
107	0
107	0

108	0
108	0
108	0

109	0
109	0
109	0

110	0
110	0
110	0

111	0
111	0
111	0

112	0
112	0
112	0

113	0
113	0
113	0

114	0
114	0
114	0

115	0
115	0
115	0

116	0
116	0
116	0

117	0
117	0
117	0

118	0
118	0
118	0

119	0
119	0
119	0

120	0
120	0
120	0

121	0
121	0
121	0

122	0
122	0
122	0

123	0
123	0
123	0

124	0
124	0
124	0

125	0
125	0
125	0

126	0
126	0
126	0

127	0
127	0
127	0

128	0
128	0
128	0

129	0
129	0
129	0

130	0
130	0
130	0

131	0
131	0
131	0

132	0
132	0
132	0

133	0
133	0
133	0

134	0
134	0
134	0

135	0
135	0
135	0

136	0
136	0
136	0

137	0
137	0
137	0

138	0
138	0
138	0

139	0
139	0
139	0

140	0
140	0
140	0

141	0
141	0
141	0

142	0
142	0
142	0

143	0
143	0
143	0

144	0
144	0
144	0

145	0
145	0
145	0

146	0
146	0
146	0

147	0
147	0
147	0

148	0
148	0
148	0

149	0
149	0
149	0

150	0
150	0
150	0

151	0
151	0
151	0

152	0
152	0
152	0

153	0
153	0
153	0

154	0
154	0
154	0

155	0
155	0
155	0

156	0
156	0
156	0

157	0
157	0
157	0

158	0
158	0
158	0

159	0
159	0
159	0

160	0
160	0
160	0

161	0
161	0
161	0

162	0
162	0
162	0

163	0
163	0
163	0

164	0
164	0
164	0

165	0
165	0
165	0

166	0
166	0
166	0

167	0
167	0
167	0

168	0
168	0
168	0

169	0
169	0
169	0

170	0
170	0
170	0

171	0
171	0
171	0

172	0
172	0
172	0

173	0
173	0
173	0

174	0
174	0
174	0

175	0
175	0
175	0

176	0
176	0
176	0

177	0
177	0
177	0

178	0
178	0
178	0

179	0
179	0
179	0

180	0
180	0
180	0

181	0
181	0
181	0

182	0
182	0
182	0

183	0
183	0
183	0

184	0
184	0
184	0

185	0
185	0
185	0

186	0
186	0
186	0

187	0
187	0
187	0

188	0
188	0
188	0

189	0
189	0
189	0

190	0
190	0
190	0

191	0
191	0
191	0

192	0
192	0
192	0

193	0
193	0
193	0

194	0
194	0
194	0

195	0
195	0
195	0

196	0
196	0
196	0

197	0
197	0
197	0

198	0
198	0
198	0

199	0
199	0
199	0

200	0
200	0
200	0

201	0
201	0
201	0

202	0
202	0
202	0

203	0
203	0
203	0

204	0
204	0
204	0

205	0
205	0
205	0

206	0
206	0
206	0

207	0
207	0
207	0

208	0
208	0
208	0

209	0
209	0
209	0

210	0
210	0
210	0

211	0
211	0
211	0

212	0
212	0
212	0

213	0
213	0
213	0

214	0
214	0
214	0

215	0
215	0
215	0

216	0
216	0
216	0

217	0
217	0
217	0

218	0
218	0
218	0

219	0
219	0
219	0

220	0
220	0
220	0

221	0
221	0
221	0

222	0
222	0
222	0

223	0
223	0
223	0

224	0
224	0
224	0

225	0
225	0
225	0

226	0
226	0
226	0

227	0
227	0
227	0

228	0
228	0
228	0

229	0
229	0
229	0

230	0
230	0
230	0

231	0
231	0
231	0

232	0
232	0
232	0

233	0
233	0
233	0

234	0
234	0
234	0

235	0
235	0
235	0

236	0
236	0
236	0

237	0
237	0
237	0

238	0
238	0
238	0

239	0
239	0
239	0

240	0
240	0
240	0

241	0
241	0
241	0

242	0
242	0
242	0

243	0
243	0
243	0

244	0
244	0
244	0

245	0
245	0
245	0

246	0
246	0
246	0

247	0
247	0
247	0

248	0
248	0
248	0

249	0
249	0
249	0

250	0
250	0
250	0

251	0
251	0
251	0

252	0
252	0
252	0

253	0
253	0
253	0

254	0
254	0
254	0

255	0
255	0
255	0

