0	0.000126 0	0.000030 0	0.000036 
1	0.000060 1	0.000018 1	0.000024 
2	0.000042 2	0.000024 2	0.000018 
3	0.000060 3	0.000018 3	0.000012 
4	0.000072 4	0.000024 4	0.000018 
5	0.000114 5	0.000018 5	0.000018 
6	0.000174 6	0.000060 6	0.000048 
7	0.000180 7	0.000066 7	0.000024 
8	0.000271 8	0.000102 8	0.000036 
9	0.000427 9	0.000126 9	0.000108 
10	0.000571 10	0.000234 10	0.000150 
11	0.000752 11	0.000313 11	0.000180 
12	0.000667 12	0.000403 12	0.000180 
13	0.000812 13	0.000373 13	0.000247 
14	0.000992 14	0.000325 14	0.000247 
15	0.001010 15	0.000463 15	0.000228 
16	0.001209 16	0.000511 16	0.000204 
17	0.001112 17	0.000277 17	0.000192 
18	0.001335 18	0.000397 18	0.000247 
19	0.001473 19	0.000349 19	0.000241 
20	0.001647 20	0.000295 20	0.000156 
21	0.002201 21	0.000379 21	0.000210 
22	0.002579 22	0.000313 22	0.000210 
23	0.003343 23	0.000367 23	0.000295 
24	0.004040 24	0.000355 24	0.000253 
25	0.004768 25	0.000367 25	0.000319 
26	0.005808 26	0.000234 26	0.000222 
27	0.006884 27	0.000222 27	0.000307 
28	0.007810 28	0.000451 28	0.000222 
29	0.009031 29	0.000355 29	0.000271 
30	0.009758 30	0.000475 30	0.000331 
31	0.010630 31	0.000619 31	0.000247 
32	0.011057 32	0.000625 32	0.000186 
33	0.012235 33	0.000541 33	0.000283 
34	0.013690 34	0.000589 34	0.000319 
35	0.014099 35	0.000746 35	0.000241 
36	0.014616 36	0.000607 36	0.000361 
37	0.015783 37	0.000740 37	0.000265 
38	0.016817 38	0.000571 38	0.000108 
39	0.017617 39	0.000860 39	0.000156 
40	0.019883 40	0.000715 40	0.000186 
41	0.020178 41	0.000848 41	0.000210 
42	0.021513 42	0.000830 42	0.000174 
43	0.021807 43	0.001040 43	0.000210 
44	0.020178 44	0.001016 44	0.000186 
45	0.020827 45	0.000890 45	0.000162 
46	0.019943 46	0.001082 46	0.000132 
47	0.019378 47	0.001052 47	0.000162 
48	0.020298 48	0.001245 48	0.000180 
49	0.020358 49	0.001401 49	0.000174 
50	0.019300 50	0.001732 50	0.000222 
51	0.018657 51	0.001786 51	0.000180 
52	0.016637 52	0.002285 52	0.000210 
53	0.016582 53	0.002664 53	0.000247 
54	0.015428 54	0.003072 54	0.000192 
55	0.016047 55	0.003451 55	0.000198 
56	0.015278 56	0.003962 56	0.000168 
57	0.014821 57	0.004750 57	0.000150 
58	0.012897 58	0.005772 58	0.000156 
59	0.011893 59	0.006361 59	0.000198 
60	0.011267 60	0.007570 60	0.000156 
61	0.010107 61	0.007756 61	0.000186 
62	0.008929 62	0.008676 62	0.000265 
63	0.007937 63	0.009091 63	0.000253 
64	0.007185 64	0.009776 64	0.000241 
65	0.006025 65	0.010961 65	0.000228 
66	0.005706 66	0.011995 66	0.000180 
67	0.004894 67	0.012969 67	0.000253 
68	0.004624 68	0.013919 68	0.000204 
69	0.004419 69	0.014532 69	0.000180 
70	0.004624 70	0.015290 70	0.000216 
71	0.004455 71	0.015771 71	0.000216 
72	0.004275 72	0.016937 72	0.000277 
73	0.004389 73	0.018428 73	0.000307 
74	0.004317 74	0.019487 74	0.000204 
75	0.004263 75	0.019114 75	0.000271 
76	0.003944 76	0.017869 76	0.000379 
77	0.003830 77	0.018224 77	0.000319 
78	0.003511 78	0.017364 78	0.000385 
79	0.003445 79	0.018374 79	0.000385 
80	0.003072 80	0.018981 80	0.000613 
81	0.003048 81	0.018068 81	0.000625 
82	0.002988 82	0.018025 82	0.000697 
83	0.003048 83	0.017178 83	0.001010 
84	0.002778 84	0.017322 84	0.001160 
85	0.003048 85	0.016589 85	0.001203 
86	0.003054 86	0.016047 86	0.001473 
87	0.002730 87	0.016294 87	0.001629 
88	0.002676 88	0.017070 88	0.001515 
89	0.002615 89	0.016739 89	0.001858 
90	0.002880 90	0.016721 90	0.002056 
91	0.002429 91	0.015801 91	0.001918 
92	0.002700 92	0.014105 92	0.002020 
93	0.002597 93	0.012999 93	0.001924 
94	0.002706 94	0.011099 94	0.001840 
95	0.002525 95	0.010708 95	0.001990 
96	0.002423 96	0.010690 96	0.002044 
97	0.002694 97	0.009614 97	0.002195 
98	0.002670 98	0.008971 98	0.002146 
99	0.002802 99	0.008959 99	0.002050 
100	0.002531 100	0.008381 100	0.002062 
101	0.002597 101	0.007498 101	0.001882 
102	0.002658 102	0.007419 102	0.002128 
103	0.002808 103	0.007173 103	0.002098 
104	0.002459 104	0.006884 104	0.002026 
105	0.002549 105	0.006475 105	0.002068 
106	0.002682 106	0.006487 106	0.002146 
107	0.002501 107	0.005652 107	0.002387 
108	0.002784 108	0.004744 108	0.002429 
109	0.002627 109	0.004443 109	0.002447 
110	0.002579 110	0.004395 110	0.002537 
111	0.002531 111	0.004101 111	0.002922 
112	0.002465 112	0.004221 112	0.002994 
113	0.002219 113	0.004155 113	0.002880 
114	0.002333 114	0.004173 114	0.003355 
115	0.002375 115	0.003914 115	0.003403 
116	0.002267 116	0.003920 116	0.003980 
117	0.002381 117	0.003535 117	0.004251 
118	0.002291 118	0.003397 118	0.005014 
119	0.002074 119	0.003914 119	0.005087 
120	0.002092 120	0.003638 120	0.005177 
121	0.001750 121	0.003433 121	0.005513 
122	0.001846 122	0.003529 122	0.005748 
123	0.001984 123	0.003523 123	0.006133 
124	0.002026 124	0.003331 124	0.005910 
125	0.001888 125	0.002910 125	0.006235 
126	0.001990 126	0.003157 126	0.006379 
127	0.001984 127	0.002910 127	0.006181 
128	0.001870 128	0.002772 128	0.006560 
129	0.002068 129	0.002658 129	0.007221 
130	0.002110 130	0.002585 130	0.007564 
131	0.002032 131	0.002658 131	0.008063 
132	0.001990 132	0.002706 132	0.008069 
133	0.002080 133	0.002501 133	0.008580 
134	0.002056 134	0.002393 134	0.009049 
135	0.001990 135	0.002561 135	0.009440 
136	0.002357 136	0.002477 136	0.010077 
137	0.002273 137	0.002489 137	0.010985 
138	0.002152 138	0.002874 138	0.011754 
139	0.002189 139	0.002507 139	0.011676 
140	0.002231 140	0.002585 140	0.012933 
141	0.002369 141	0.002796 141	0.013558 
142	0.002375 142	0.003000 142	0.014117 
143	0.002441 143	0.003036 143	0.015127 
144	0.002243 144	0.003048 144	0.015969 
145	0.002345 145	0.002724 145	0.016961 
146	0.002291 146	0.002844 146	0.017761 
147	0.002146 147	0.002952 147	0.019306 
148	0.002309 148	0.002946 148	0.020016 
149	0.002140 149	0.002814 149	0.019330 
150	0.002195 150	0.002790 150	0.019685 
151	0.002213 151	0.002682 151	0.020244 
152	0.002369 152	0.002555 152	0.020100 
153	0.002213 153	0.002700 153	0.020839 
154	0.002104 154	0.002664 154	0.021603 
155	0.002086 155	0.002507 155	0.022649 
156	0.001864 156	0.002507 156	0.021320 
157	0.001798 157	0.002375 157	0.020875 
158	0.002032 158	0.002285 158	0.019793 
159	0.001888 159	0.002062 159	0.018717 
160	0.001906 160	0.002158 160	0.016847 
161	0.001876 161	0.002146 161	0.016306 
162	0.001834 162	0.002008 162	0.014863 
163	0.001611 163	0.002128 163	0.013943 
164	0.001846 164	0.002038 164	0.013630 
165	0.001792 165	0.001924 165	0.014719 
166	0.002074 166	0.002074 166	0.014454 
167	0.001870 167	0.002116 167	0.014033 
168	0.001996 168	0.002381 168	0.013137 
169	0.001954 169	0.001990 169	0.012783 
170	0.002002 170	0.002086 170	0.012266 
171	0.001996 171	0.001894 171	0.011448 
172	0.001852 172	0.001990 172	0.010426 
173	0.001864 173	0.001942 173	0.009127 
174	0.001888 174	0.001864 174	0.008622 
175	0.001942 175	0.001912 175	0.007437 
176	0.001888 176	0.001665 176	0.006752 
177	0.001714 177	0.001792 177	0.006524 
178	0.001816 178	0.001702 178	0.006043 
179	0.001882 179	0.001750 179	0.005267 
180	0.002068 180	0.002038 180	0.004738 
181	0.001744 181	0.001894 181	0.004101 
182	0.001864 182	0.002026 182	0.003577 
183	0.002092 183	0.001828 183	0.003583 
184	0.002014 184	0.001816 184	0.003812 
185	0.001918 185	0.001750 185	0.003698 
186	0.001870 186	0.001816 186	0.003511 
187	0.002008 187	0.001750 187	0.003427 
188	0.001972 188	0.001599 188	0.002976 
189	0.001762 189	0.001599 189	0.003042 
190	0.002056 190	0.001431 190	0.002321 
191	0.001780 191	0.001527 191	0.002032 
192	0.001816 192	0.001617 192	0.002086 
193	0.001702 193	0.001563 193	0.001900 
194	0.001924 194	0.001473 194	0.001792 
195	0.001900 195	0.001605 195	0.001936 
196	0.001786 196	0.001714 196	0.002074 
197	0.001852 197	0.001563 197	0.002008 
198	0.001882 198	0.001617 198	0.001924 
199	0.001744 199	0.001671 199	0.001984 
200	0.001990 200	0.001419 200	0.001864 
201	0.001840 201	0.001539 201	0.001864 
202	0.001798 202	0.001317 202	0.001557 
203	0.001840 203	0.001431 203	0.001557 
204	0.001828 204	0.001653 204	0.001684 
205	0.002152 205	0.001677 205	0.001822 
206	0.001876 206	0.001599 206	0.001569 
207	0.001834 207	0.001605 207	0.001515 
208	0.002002 208	0.001677 208	0.001635 
209	0.002177 209	0.001659 209	0.001515 
210	0.001677 210	0.001407 210	0.001581 
211	0.001714 211	0.001479 211	0.001497 
212	0.001882 212	0.001395 212	0.001491 
213	0.001768 213	0.001732 213	0.001551 
214	0.001629 214	0.001563 214	0.001515 
215	0.001780 215	0.001708 215	0.001431 
216	0.001864 216	0.001581 216	0.001647 
217	0.001804 217	0.001527 217	0.001485 
218	0.001563 218	0.001816 218	0.001629 
219	0.001563 219	0.001557 219	0.001335 
220	0.001575 220	0.001371 220	0.001299 
221	0.001269 221	0.001641 221	0.001263 
222	0.001395 222	0.001323 222	0.001281 
223	0.001539 223	0.001383 223	0.001467 
224	0.001323 224	0.001593 224	0.001491 
225	0.001227 225	0.001762 225	0.001203 
226	0.001221 226	0.001485 226	0.001443 
227	0.001130 227	0.001864 227	0.001641 
228	0.001221 228	0.001840 228	0.001665 
229	0.001118 229	0.001894 229	0.001587 
230	0.001064 230	0.001876 230	0.001635 
231	0.001022 231	0.001990 231	0.001623 
232	0.001106 232	0.001888 232	0.001924 
233	0.000974 233	0.001966 233	0.001762 
234	0.000709 234	0.001930 234	0.001756 
235	0.000884 235	0.001617 235	0.001828 
236	0.000848 236	0.001635 236	0.001870 
237	0.000601 237	0.001738 237	0.001936 
238	0.000697 238	0.001545 238	0.001876 
239	0.000643 239	0.001329 239	0.002014 
240	0.000697 240	0.001269 240	0.001906 
241	0.000613 241	0.001190 241	0.001984 
242	0.000547 242	0.000950 242	0.001852 
243	0.000541 243	0.000860 243	0.001972 
244	0.000565 244	0.000788 244	0.001846 
245	0.000619 245	0.000842 245	0.001623 
246	0.000457 246	0.000565 246	0.001317 
247	0.000439 247	0.000559 247	0.001245 
248	0.000505 248	0.000463 248	0.000950 
249	0.000325 249	0.000385 249	0.000607 
250	0.000331 250	0.000397 250	0.000415 
251	0.000361 251	0.000301 251	0.000403 
252	0.000216 252	0.000216 252	0.000331 
253	0.000198 253	0.000150 253	0.000222 
254	0.000192 254	0.000186 254	0.000150 
255	0.000391 255	0.000162 255	0.000204 
